-11.445467484920341 90.8647389931213
-13.463581000718957 78.38790952199024
-22.34532254432952 82.1614876806934
-25.19297641328373 86.5116137475372
-23.161898490384022 88.43890694388426
-5.404491542352629 80.61932282167795
-29.314808636940377 82.78056770802993
-7.838828685699243 85.53372274650107
-11.908717988630894 85.11119687770567
-28.948283959814834 85.7882995528648
-26.96092294100082 83.16385409228423
-21.191223930324146 80.37838405168094
-6.302314218980408 78.37322368815977
-17.21598435447178 91.06387386030013
-17.952147825851053 82.25134996247651
-22.229232285004393 80.74628959708092
-17.327132088794627 83.45063682659871
-27.314561532834823 89.28087415716787
-17.45176739305955 83.8475185033319
-20.308165173809662 82.20525552406149
78.56753092615179 57.56192258059633
83.8477862619645 50.66490509203455
77.97804709332051 60.04933343436312
79.27021466631253 52.742198836930434
81.98795917059 67.0971067207147
78.44956777157232 54.45861290816057
77.51995899058093 52.790842012540374
83.96020422729042 57.56188633445877
87.80301009721411 46.902672859902815
84.4531031896796 57.3083800733327
79.10508169568939 62.66707955284665
78.64627813258933 55.84695863799841
80.71786910099864 47.49253760218712
83.37249104484496 54.37043562609029
89.20529330945968 45.809027818800175
75.29324770381868 50.901464023443594
82.79884832522659 54.14548608799992
86.70189017097957 53.260959917751784
80.83570733011247 44.55261662775415
81.12875785978602 65.0371210225163
-66.87279628522505 -38.06760897508768
-60.02522376714313 -45.944849451696854
-62.53791490031557 -46.08443040778397
-68.0430044975445 -28.97480156285161
-74.13455814594063 -28.48386846602932
-67.4541421167445 -30.028012395671436
-58.656145208502124 -33.418840181783935
-65.34466518504205 -41.092852457056026
-59.965620382156565 -31.261657029622672
-64.87918641795072 -31.008431384148256
-65.44253601140011 -35.080003726963184
-67.61034841150784 -33.33979492866393
-67.01293669871532 -37.07477778197964
-67.85255292306286 -39.956962625892665
-69.64397348866565 -27.521137591602105
-68.17919669852928 -30.027491506098826
-57.32007220917463 -44.34517696330085
-67.55900819459615 -40.874258810005486
-67.34648255679149 -38.45657357294563
-73.32233630208805 -43.9776612965291
30.458622430076026 103.42204422234174
34.901558643856085 91.93302891320494
38.19413762225893 89.32537998985522
32.09179650647356 98.18597414517217
40.1926557700838 101.81106738733664
34.77381874369453 98.52876937165472
27.769875523064368 91.50863347413733
38.89691600842016 103.77609090938596
45.46392485481228 95.63286108801236
36.148156058322 106.9471106764375
33.879187974892965 98.00489458129817
38.12237481972753 89.8996564917456
40.24267616326147 91.30041845220785
29.37536802492432 90.5848336232405
33.15394547173679 96.95820936681363
34.15002128687897 97.37847313706901
34.437919654891516 97.75011167844517
24.432299699586114 99.92998368817412
34.466316574946845 95.27751574904975
35.79055144146796 100.47228416085552
93.79768939933288 -83.73253729625422
88.67842017488236 -83.83966669491636
80.3470038213126 -86.05038730223554
82.77583581169283 -85.68630297297528
78.68406125198631 -96.28651684424518
91.95620382406979 -86.46517003031452
88.58436229483429 -87.55934749206246
86.96972645537936 -95.866130365539
83.8190497985652 -86.78093986857166
88.67474189404012 -84.35763989857085
89.71590592816091 -86.61816354305256
91.828638129114 -79.53194060725724
86.13289638034759 -88.77536816444082
83.66092542968025 -75.72750998554694
95.90294671178192 -82.81442348139525
86.64015305926384 -88.95782930779188
81.09186252030776 -90.27300546564108
78.71435463907783 -82.89107177666942
83.11138761113875 -82.6200518826815
85.77795579047641 -85.76272280501419
